Zeitpunkt Gesamtanzahl der Genesenen
0         0
1         4878122
2         9309007
3         13325718
4         16960666
5         20245129
6         23208925
7         25880206
8         28285334
9         30448834
10        32393397
11        34139919
12        35707568
13        37113866
14        38374785
15        39504849
16        40517236
17        41423878
18        42235566
19        42962039
20        43612083
21        44193607
22        44713732
23        45178857
24        45594732
25        45966521
26        46298854
27        46595885
28        46861339
29        47098550
30        47310507
31        47499885
32        47669079
33        47820232
34        47955261
35        48075881
36        48183626
37        48279867
38        48365830
39        48442612
40        48511191
41        48572444
42        48627152
43        48676015
44        48719658
45        48758637
46        48793453
47        48824550
48        48852326
49        48877136
50        48899298
51        48919095
52        48936781
53        48952581
54        48966697
55        48979310
56        48990581
57        49000653
58        49009655
59        49017702
60        49024895
61        49031327
62        49037079
63        49042224
64        49046827
65        49050946
66        49054633
67        49057934
68        49060891
69        49063540
70        49065915
71        49068045
72        49069956
73        49071672
74        49073214
75        49074600
76        49075847
77        49076970
78        49077982
79        49078896
80        49079721
81        49080468
82        49081144
83        49081757
84        49082315
85        49082822
86        49083285
87        49083708
88        49084096
89        49084451
90        49084779
91        49085081
92        49085360
93        49085619
94        49085861
95        49086086
96        49086297
97        49086495
98        49086682
99        49086859
100       49087026
