130
159
196
262
482
670
799
1040
1174
1455
1905
2075
3669
4579
5787
7260
9237
12301
15292
19796
22138
24780
28962
29613
33612
38043
43932
48819
52429
52844
55026
58351
61423
65477
68417
69899
73090
69772
64900
63425
65552
64772
64683
62750
59898
58658
56894
54185
53539
52641
50923
48229
46121
44475
39624
40908
39890
38273
36351
34825
32991
30554
29231
28252
26586
24914
21269
20455
21496
20514
19930
19390
18295
17643
16294
15739
15221
14400
13535
14056
13395
12765
12434
12014
11772
11114
10910
10318
